-1.144272014498710632e-01
1.204702109098434448e-01
3.959350660443305969e-02
-8.682323247194290161e-02
1.247882959432899952e-03
-5.971492454409599304e-02
-3.241002559661865234e-02
-1.021435782313346863e-01
1.785680353641510010e-01
-9.134417027235031128e-02
2.189479917287826538e-01
-6.305997818708419800e-02
-2.339812964200973511e-01
-1.192162781953811646e-01
-6.065280176699161530e-03
1.666096150875091553e-01
-1.725712716579437256e-01
-1.351851075887680054e-01
8.505177684128284454e-03
5.517103709280490875e-03
1.281402558088302612e-01
-5.207906290888786316e-02
6.182222161442041397e-03
3.523180261254310608e-02
-1.860075891017913818e-01
-3.341332972049713135e-01
-1.808554381132125854e-01
-1.922897249460220337e-02
-2.887471020221710205e-02
-4.444610700011253357e-02
-5.141572281718254089e-02
-4.087699577212333679e-02
-2.363491654396057129e-01
-7.784657180309295654e-02
-9.345876052975654602e-03
4.009807482361793518e-02
7.534807547926902771e-03
-1.040630862116813660e-01
1.544286608695983887e-01
6.997874379158020020e-02
-2.193627804517745972e-01
1.026266254484653473e-02
3.709990158677101135e-02
2.396378517150878906e-01
1.500957012176513672e-01
3.980055823922157288e-02
-6.108345463871955872e-03
-1.490490883588790894e-01
1.124614477157592773e-01
-1.417684257030487061e-01
2.906227484345436096e-02
1.507496237754821777e-01
4.371592402458190918e-02
6.916522234678268433e-02
-9.199294261634349823e-03
-7.708685845136642456e-02
4.512096568942070007e-02
1.476140171289443970e-01
-1.915188431739807129e-01
6.320340558886528015e-03
3.579900413751602173e-02
-4.186249524354934692e-02
-3.264475986361503601e-02
-8.257829397916793823e-02
1.601402312517166138e-01
8.828067779541015625e-02
-1.334945112466812134e-01
-1.896385997533798218e-01
1.178446412086486816e-01
-1.066064983606338501e-01
-4.873685911297798157e-02
5.714857205748558044e-02
-1.391274929046630859e-01
-2.322555929422378540e-01
-3.632774949073791504e-01
8.018204569816589355e-02
3.920140862464904785e-01
1.166704073548316956e-01
-1.700148880481719971e-01
3.915088623762130737e-02
-8.327068388462066650e-02
-2.025556564331054688e-02
1.438205540180206299e-01
1.479524821043014526e-01
-2.421921491622924805e-02
4.913065582513809204e-02
-7.575166970491409302e-02
2.261555939912796021e-02
2.255942225456237793e-01
-4.402534663677215576e-02
-5.677201226353645325e-02
2.363496273756027222e-01
-2.888437919318675995e-02
1.266229301691055298e-01
-8.809270337224006653e-03
7.483730465173721313e-02
-8.970077335834503174e-02
7.633274048566818237e-02
-1.114053204655647278e-01
4.415973089635372162e-03
9.511925280094146729e-02
-4.030111059546470642e-02
-9.243030101060867310e-03
1.633040010929107666e-01
-1.669608652591705322e-01
7.978657633066177368e-02
8.542793244123458862e-02
-8.963604457676410675e-03
1.914860121905803680e-02
4.790592193603515625e-02
-1.442067474126815796e-01
-1.247587576508522034e-01
5.696279183030128479e-02
-2.714322209358215332e-01
1.712873280048370361e-01
2.326043099164962769e-01
2.733083069324493408e-02
8.260882645845413208e-02
1.395606696605682373e-01
7.186049222946166992e-02
1.170773804187774658e-02
-1.477689668536186218e-02
-1.635501682758331299e-01
3.581008408218622208e-03
1.045533493161201477e-01
3.001011349260807037e-02
8.124552667140960693e-02
-2.219182625412940979e-02
