-9.859329462051391602e-02
8.880835026502609253e-02
7.335600256919860840e-02
-4.836192727088928223e-02
-8.499444276094436646e-02
-1.271817237138748169e-01
-6.046163663268089294e-02
-2.114425897598266602e-01
1.130222082138061523e-01
-1.355078965425491333e-01
2.695795595645904541e-01
-1.300943046808242798e-01
-2.449570596218109131e-01
-6.710274517536163330e-02
-5.210797116160392761e-02
1.875513792037963867e-01
-1.520138233900070190e-01
-1.196328848600387573e-01
1.056703552603721619e-02
-2.344330772757530212e-02
5.573092028498649597e-02
-2.456244267523288727e-02
2.106275409460067749e-02
1.062951982021331787e-01
-1.108333542943000793e-01
-3.169299662113189697e-01
-1.552372574806213379e-01
-1.409793943166732788e-01
-1.609141938388347626e-03
-2.770606894046068192e-03
-6.673288345336914062e-02
4.010386765003204346e-02
-1.474925577640533447e-01
-8.787913247942924500e-03
5.034527741372585297e-03
4.685895889997482300e-02
4.133646935224533081e-02
1.185605302453041077e-02
1.762844622135162354e-01
-2.879231236875057220e-03
-2.622465193271636963e-01
3.567199409008026123e-02
5.909433215856552124e-02
2.077059596776962280e-01
1.322428435087203979e-01
7.877147942781448364e-02
4.239894822239875793e-02
-1.310754269361495972e-01
9.116544574499130249e-02
-1.065136566758155823e-01
6.876597553491592407e-02
1.013887524604797363e-01
1.389569789171218872e-01
-2.710422500967979431e-02
2.308215200901031494e-02
-1.879518777132034302e-01
-3.734364733099937439e-02
9.792226552963256836e-02
-1.946558952331542969e-01
4.612214863300323486e-02
1.139405891299247742e-01
-5.092819780111312866e-02
-4.886341840028762817e-02
-9.274021536111831665e-02
2.889650464057922363e-01
1.133920401334762573e-01
-1.603938788175582886e-01
-1.466432064771652222e-01
1.793975979089736938e-01
-1.961077004671096802e-01
-6.261251121759414673e-02
1.041239872574806213e-01
-1.639613956212997437e-01
-1.454005837440490723e-01
-3.284052908420562744e-01
1.091798394918441772e-02
4.182083010673522949e-01
8.763621002435684204e-02
-1.639495491981506348e-01
4.568149149417877197e-02
-8.569391071796417236e-02
-4.771680105477571487e-03
8.757769316434860229e-02
1.319182366132736206e-01
-1.107939239591360092e-02
3.681390732526779175e-02
-8.094883710145950317e-02
-6.016224622726440430e-02
1.820037811994552612e-01
-7.200209051370620728e-02
-7.918292656540870667e-03
2.141525298357009888e-01
-5.045891925692558289e-02
1.248742416501045227e-01
-4.560643434524536133e-02
-2.908008545637130737e-02
-1.047742664813995361e-01
-2.938049472868442535e-02
-7.314010709524154663e-02
-2.278677374124526978e-02
-6.972096115350723267e-02
-1.523472368717193604e-02
-2.194201573729515076e-02
8.147544413805007935e-02
-1.874797195196151733e-01
8.696075528860092163e-02
1.847948879003524780e-04
2.983175218105316162e-04
-4.006912559270858765e-02
1.009297221899032593e-01
-8.768107742071151733e-02
-9.279750287532806396e-02
1.365463733673095703e-01
-2.777809798717498779e-01
1.830273568630218506e-01
1.498883962631225586e-01
7.325267046689987183e-02
8.073899149894714355e-02
8.654699474573135376e-02
6.180492043495178223e-02
-1.995780877768993378e-02
-2.794118598103523254e-02
-2.110018134117126465e-01
-2.157888375222682953e-02
1.318104863166809082e-01
-1.407939344644546509e-01
1.163164004683494568e-01
1.602266542613506317e-02
