-1.239298582077026367e-01
2.099750936031341553e-02
2.026209980249404907e-02
-4.706591740250587463e-02
-2.485801093280315399e-02
-9.998158365488052368e-02
-4.504839330911636353e-02
-1.536152958869934082e-01
1.250133812427520752e-01
-1.074790358543395996e-01
2.414000034332275391e-01
-5.803360790014266968e-02
-1.352580040693283081e-01
-1.820317506790161133e-01
-2.648758701980113983e-02
1.775979399681091309e-01
-1.807811111211776733e-01
-1.120484024286270142e-01
-5.445971339941024780e-02
-4.053628072142601013e-03
8.691440522670745850e-02
-2.049057744443416595e-02
3.539419919252395630e-02
6.865670531988143921e-02
-1.014848127961158752e-01
-3.859091997146606445e-01
-1.010124236345291138e-01
-1.051869243383407593e-01
6.224430352449417114e-02
-7.382270880043506622e-03
-7.126465439796447754e-02
9.632340818643569946e-02
-2.089598774909973145e-01
-8.394671976566314697e-02
1.728947833180427551e-02
1.081758961081504822e-01
-1.535578537732362747e-02
7.933055981993675232e-03
1.756406873464584351e-01
9.409161284565925598e-04
-2.518609464168548584e-01
3.460120037198066711e-02
2.111243829131126404e-02
2.717278897762298584e-01
2.365921288728713989e-01
4.702641814947128296e-02
4.221931844949722290e-02
-7.173456251621246338e-02
1.536089479923248291e-01
-1.929452866315841675e-01
1.726315356791019440e-02
1.311850398778915405e-01
7.926446944475173950e-02
6.393326818943023682e-02
-3.165231645107269287e-02
-9.133964776992797852e-02
4.296990856528282166e-02
8.609454333782196045e-02
-1.691454499959945679e-01
6.047513708472251892e-02
9.720527380704879761e-02
-1.499926596879959106e-01
-5.122505873441696167e-02
-1.825507357716560364e-02
2.280799001455307007e-01
5.419468879699707031e-02
-1.640437096357345581e-01
-1.626854240894317627e-01
1.082459986209869385e-01
-1.861661672592163086e-01
-4.264019429683685303e-02
4.196767508983612061e-02
-1.856601238250732422e-01
-1.865625828504562378e-01
-3.936133682727813721e-01
4.481052234768867493e-02
3.852270841598510742e-01
1.017690598964691162e-01
-1.683251708745956421e-01
8.142641931772232056e-02
-4.949171468615531921e-02
4.356497153639793396e-02
1.595722138881683350e-01
2.080674320459365845e-01
4.782320931553840637e-03
6.521108746528625488e-02
-7.763110846281051636e-02
-6.083213724195957184e-03
1.878710389137268066e-01
-4.665346816182136536e-02
-5.043185129761695862e-02
2.651643455028533936e-01
-3.106690570712089539e-02
1.394043266773223877e-01
3.469739574939012527e-03
5.517617613077163696e-02
-2.987906336784362793e-02
-3.538108430802822113e-04
-1.002139896154403687e-01
4.344735667109489441e-02
5.976402759552001953e-02
-8.569928817451000214e-03
2.958691678941249847e-02
1.011264771223068237e-01
-1.136889532208442688e-01
1.693205088376998901e-01
-3.225639835000038147e-02
1.362919211387634277e-01
4.827590659260749817e-02
-9.075551293790340424e-03
-8.714276552200317383e-02
-1.035915985703468323e-01
6.914859265089035034e-02
-1.956488490104675293e-01
2.101998329162597656e-01
2.304781526327133179e-01
1.037307977676391602e-01
9.780910611152648926e-02
1.435575187206268311e-01
3.011547029018402100e-02
6.782900542020797729e-03
2.429253235459327698e-02
-2.168276458978652954e-01
9.999091736972332001e-03
1.032251939177513123e-01
-4.191035404801368713e-02
6.878620386123657227e-02
-2.147356979548931122e-03
