-7.465092837810516357e-02
9.285920113325119019e-02
5.972738191485404968e-02
2.166346274316310883e-02
-6.645705550909042358e-02
-2.672038972377777100e-03
-6.785961240530014038e-02
-8.719713240861892700e-02
1.085713654756546021e-01
-1.037841886281967163e-01
2.109184563159942627e-01
2.171826548874378204e-02
-1.937128752470016479e-01
-4.682834446430206299e-02
1.183698326349258423e-02
1.779602319002151489e-01
-2.096049487590789795e-01
-1.684612333774566650e-01
2.977782860398292542e-03
2.838680520653724670e-03
9.969955682754516602e-02
-9.566863067448139191e-03
2.173940092325210571e-02
6.965222209692001343e-02
-7.421673089265823364e-02
-3.188698887825012207e-01
-9.040705859661102295e-02
-5.756472423672676086e-02
4.417793452739715576e-02
-1.008561030030250549e-01
-5.005157738924026489e-02
3.262090682983398438e-02
-1.825571954250335693e-01
3.918597102165222168e-02
-1.203235797584056854e-02
-2.971453592181205750e-03
1.599070057272911072e-02
-2.601151540875434875e-02
2.360649704933166504e-01
2.667769603431224823e-02
-2.247164100408554077e-01
4.540487378835678101e-02
7.273277267813682556e-03
2.399223595857620239e-01
1.894933730363845825e-01
2.018620073795318604e-02
1.984618604183197021e-02
-6.640774011611938477e-02
4.425781965255737305e-02
-1.572754085063934326e-01
5.190996825695037842e-02
1.769743412733078003e-01
2.041175514459609985e-01
2.738820947706699371e-02
-8.554895967245101929e-02
-1.488688439130783081e-01
-6.540037691593170166e-02
3.824512287974357605e-02
-8.409754931926727295e-02
9.018427133560180664e-02
9.760617464780807495e-02
-9.303130954504013062e-02
-3.113690018653869629e-02
-7.533676177263259888e-02
2.409388571977615356e-01
7.186543196439743042e-02
-1.373213827610015869e-01
-1.926492005586624146e-01
1.035533919930458069e-01
-1.205378919839859009e-01
-1.228255853056907654e-01
3.947564214468002319e-02
-1.926701664924621582e-01
-1.606735587120056152e-01
-2.583673596382141113e-01
2.200130373239517212e-02
3.538041412830352783e-01
2.429945021867752075e-02
-2.341665327548980713e-01
2.802903577685356140e-02
-7.584087550640106201e-02
1.334597542881965637e-02
4.658110812306404114e-02
1.531400382518768311e-01
-6.591180711984634399e-02
-2.300427481532096863e-02
-5.775327607989311218e-02
2.591398358345031738e-02
2.345613837242126465e-01
-4.380016028881072998e-02
-7.385426759719848633e-02
1.716766804456710815e-01
-9.218093939125537872e-03
9.330024570226669312e-02
-2.282295841723680496e-03
-2.898811595514416695e-03
6.647667288780212402e-02
3.197949007153511047e-02
-9.953316301107406616e-02
2.748506888747215271e-02
-6.384261697530746460e-02
-7.213501632213592529e-02
-2.490915358066558838e-02
1.242945045232772827e-01
-1.527809947729110718e-01
1.055763363838195801e-01
1.736933737993240356e-02
4.447495937347412109e-02
5.611707270145416260e-02
1.533999741077423096e-01
-2.176798135042190552e-01
-1.217557042837142944e-01
1.293582618236541748e-01
-2.299594581127166748e-01
2.362046241760253906e-01
2.255309820175170898e-01
7.713618129491806030e-02
4.829540848731994629e-02
9.152919054031372070e-02
1.748420447111129761e-01
4.845999181270599365e-03
4.008689895272254944e-02
-2.005919963121414185e-01
-8.408979629166424274e-04
1.350407451391220093e-01
-4.420582577586174011e-02
5.905194208025932312e-02
2.690314128994941711e-02
