-1.248946264386177063e-01
1.487151384353637695e-01
1.121360138058662415e-01
-6.338844448328018188e-02
-7.082965970039367676e-02
-3.108503483235836029e-02
-8.583005517721176147e-02
-7.845375686883926392e-02
1.500144004821777344e-01
-8.900842815637588501e-02
2.555027306079864502e-01
-5.911564454436302185e-02
-1.709559857845306396e-01
-8.931555598974227905e-02
-2.411834150552749634e-02
1.844760328531265259e-01
-1.751084327697753906e-01
-1.394154131412506104e-01
-1.233364716172218323e-01
-1.184480544179677963e-02
5.259206518530845642e-02
4.151142388582229614e-02
5.202479660511016846e-02
5.746786016970872879e-03
-1.235346868634223938e-01
-3.919040858745574951e-01
-6.082795560359954834e-02
-8.951807022094726562e-02
-2.538322098553180695e-02
-6.208316609263420105e-02
-5.844967812299728394e-02
2.291625551879405975e-02
-2.301859408617019653e-01
-6.039231270551681519e-02
-6.849197670817375183e-03
1.004281714558601379e-01
-3.956626728177070618e-02
2.882664278149604797e-02
1.516251116991043091e-01
-7.009573280811309814e-03
-2.442751973867416382e-01
9.989035129547119141e-02
5.129121989011764526e-02
2.720892131328582764e-01
2.112573534250259399e-01
6.457903981208801270e-02
1.518323458731174469e-02
-7.875670492649078369e-02
1.011435091495513916e-01
-1.152357459068298340e-01
4.981638491153717041e-02
1.605772376060485840e-01
1.419552117586135864e-01
3.229878097772598267e-02
1.967410184442996979e-02
-8.939718455076217651e-02
-2.131650969386100769e-02
1.188699007034301758e-01
-9.660676866769790649e-02
3.735927864909172058e-02
1.071199104189872742e-01
-7.183051854372024536e-02
-7.163195312023162842e-02
-8.900623023509979248e-02
2.043389976024627686e-01
5.083048716187477112e-02
-1.249566152691841125e-01
-1.667988300323486328e-01
8.584520965814590454e-02
-8.749195188283920288e-02
-5.072924867272377014e-02
6.064480543136596680e-02
-2.072529643774032593e-01
-1.641823202371597290e-01
-3.054474294185638428e-01
1.835172809660434723e-02
3.650164306163787842e-01
1.038735732436180115e-03
-2.164161801338195801e-01
1.956336945295333862e-02
-2.945434302091598511e-02
1.396884582936763763e-02
5.484623461961746216e-02
1.453182846307754517e-01
-4.720748960971832275e-02
5.935481935739517212e-02
-8.694541454315185547e-02
4.946902021765708923e-02
2.037391364574432373e-01
-8.088734745979309082e-02
-1.160672586411237717e-02
2.044055759906768799e-01
-2.672364935278892517e-03
5.730552226305007935e-02
-2.515478245913982391e-02
-2.653414756059646606e-02
-4.333172738552093506e-02
2.359401062130928040e-02
-1.545020639896392822e-01
1.320565678179264069e-02
-4.101422615349292755e-03
-3.075763955712318420e-02
-7.608395069837570190e-02
4.650231078267097473e-02
-1.324205249547958374e-01
1.000677943229675293e-01
3.825039789080619812e-02
7.810661941766738892e-02
4.623651970177888870e-03
6.106770038604736328e-02
-1.022520512342453003e-01
-1.396276354789733887e-01
1.436039060354232788e-01
-1.730721294879913330e-01
1.780142933130264282e-01
2.251329272985458374e-01
4.702943935990333557e-02
7.409176230430603027e-02
1.384152919054031372e-01
7.820627093315124512e-02
6.261024624109268188e-03
8.916357904672622681e-02
-2.118947654962539673e-01
-1.094689872115850449e-02
1.099968999624252319e-01
-2.495080605149269104e-02
8.435554802417755127e-02
3.051847033202648163e-02
