-1.204797923564910889e-01
9.096148610115051270e-02
7.738200947642326355e-04
7.896014489233493805e-03
-1.061895042657852173e-01
-9.864263981580734253e-02
-6.867436319589614868e-02
-1.351443082094192505e-01
7.468733191490173340e-02
-2.402761951088905334e-03
1.897511482238769531e-01
-2.064628340303897858e-02
-1.634539216756820679e-01
-6.884238868951797485e-02
-3.309712931513786316e-02
1.379854530096054077e-01
-1.418614089488983154e-01
-1.342742443084716797e-01
-6.265712529420852661e-02
-4.533304832875728607e-03
9.311309456825256348e-02
2.761478349566459656e-02
4.391605779528617859e-02
1.053417772054672241e-01
-1.158570349216461182e-01
-2.986219227313995361e-01
-1.009121164679527283e-01
-4.555422812700271606e-02
1.009290590882301331e-01
-5.173810943961143494e-02
-4.504518210887908936e-02
-8.383796550333499908e-03
-1.977281868457794189e-01
-9.242406487464904785e-02
8.017227053642272949e-02
5.131613090634346008e-02
3.096155822277069092e-02
-2.319995313882827759e-02
2.069205790758132935e-01
5.391382612287998199e-03
-2.831977605819702148e-01
5.932857096195220947e-02
7.666537165641784668e-02
2.592482268810272217e-01
1.741260290145874023e-01
1.333363354206085205e-01
2.070220187306404114e-02
-1.079016029834747314e-01
9.837960451841354370e-02
-1.739243119955062866e-01
1.150822564959526062e-01
1.288597136735916138e-01
7.946660369634628296e-02
9.284807369112968445e-03
-2.032778412103652954e-02
-1.714428365230560303e-01
-1.724119484424591064e-02
1.680669933557510376e-01
-1.854629814624786377e-01
2.829804271459579468e-02
5.894854664802551270e-02
-6.428749114274978638e-02
1.915221288800239563e-02
-6.806776672601699829e-02
1.950766444206237793e-01
1.186942756175994873e-01
-8.419869840145111084e-02
-1.806856691837310791e-01
1.057367473840713501e-01
-2.026721090078353882e-01
-9.703493118286132812e-02
7.133839279413223267e-02
-1.039069518446922302e-01
-1.280489265918731689e-01
-3.890202343463897705e-01
3.321600146591663361e-03
4.105097949504852295e-01
1.022852063179016113e-01
-1.668850034475326538e-01
3.824363648891448975e-02
-9.746263734996318817e-03
3.502653911709785461e-02
1.274023205041885376e-01
1.035938486456871033e-01
-7.956524938344955444e-02
1.137237995862960815e-02
-9.119281917810440063e-02
-3.330669924616813660e-02
2.291434556245803833e-01
5.249294452369213104e-03
-5.669305101037025452e-02
1.730278283357620239e-01
2.465440705418586731e-02
8.617047965526580811e-02
4.121764376759529114e-02
7.368034124374389648e-02
-8.208547532558441162e-02
-1.644040644168853760e-02
-1.005287021398544312e-01
-1.518938504159450531e-02
-7.982952520251274109e-04
4.732993990182876587e-02
5.950844287872314453e-02
1.649035513401031494e-01
-1.697376519441604614e-01
1.060575023293495178e-01
-5.727517418563365936e-03
5.133069120347499847e-03
-1.013088412582874298e-02
8.075211197137832642e-02
-5.991352722048759460e-02
-1.061929538846015930e-01
6.683787703514099121e-02
-2.154750525951385498e-01
2.363184541463851929e-01
1.925410777330398560e-01
3.847312927246093750e-02
9.552899003028869629e-02
9.260140359401702881e-02
4.838288947939872742e-02
-4.860335960984230042e-03
3.041509911417961121e-02
-1.574551016092300415e-01
-3.848340734839439392e-02
1.197947189211845398e-01
-8.562058955430984497e-02
1.397365480661392212e-01
2.973055839538574219e-02
