-1.182372346520423889e-01
1.023379340767860413e-01
-4.920015856623649597e-02
-6.413426995277404785e-02
-4.812953993678092957e-02
-3.154756501317024231e-02
-7.316358387470245361e-02
-1.321028023958206177e-01
1.432629972696304321e-01
-4.554132744669914246e-02
1.807686984539031982e-01
2.861065790057182312e-03
-1.953200250864028931e-01
-1.357272118330001831e-01
-6.722419522702693939e-03
1.146684661507606506e-01
-1.725082248449325562e-01
-1.905836164951324463e-01
8.836062625050544739e-04
8.468574844300746918e-03
1.133115291595458984e-01
6.608332041651010513e-03
-1.873691938817501068e-02
8.860415220260620117e-02
-1.594633758068084717e-01
-2.797125279903411865e-01
-9.391963481903076172e-02
-1.063906401395797729e-01
-2.556935884058475494e-02
-4.368527606129646301e-02
-1.395873632282018661e-02
1.413884945213794708e-02
-2.139597982168197632e-01
-5.410156399011611938e-02
9.639978408813476562e-02
1.142567992210388184e-01
4.910833016037940979e-02
-1.139724813401699066e-02
2.024457007646560669e-01
6.303990259766578674e-03
-2.556685507297515869e-01
6.660327315330505371e-02
8.231516927480697632e-02
2.725501656532287598e-01
1.882674992084503174e-01
2.650444023311138153e-02
-1.052256859838962555e-02
-1.615372002124786377e-01
1.680612713098526001e-01
-1.171987876296043396e-01
5.642116814851760864e-02
1.759311258792877197e-01
1.212035566568374634e-01
2.012986317276954651e-02
1.783566549420356750e-02
-1.552689671516418457e-01
5.016812309622764587e-02
6.087229400873184204e-02
-1.977264881134033203e-01
-6.097777280956506729e-03
7.674486190080642700e-02
-6.095865741372108459e-02
4.797093570232391357e-04
-6.429620087146759033e-02
2.077875137329101562e-01
2.535579167306423187e-02
-1.393362134695053101e-01
-2.384011745452880859e-01
8.891043812036514282e-02
-1.513248383998870850e-01
-9.881262481212615967e-02
1.560535579919815063e-01
-1.537096351385116577e-01
-1.881007552146911621e-01
-3.566912412643432617e-01
3.311781585216522217e-02
4.252606630325317383e-01
1.273472607135772705e-01
-2.236042767763137817e-01
9.298547357320785522e-02
-7.457270473241806030e-02
-3.803892433643341064e-02
1.166527271270751953e-01
1.415641307830810547e-01
-2.166097797453403473e-02
7.555867731571197510e-02
-1.220936551690101624e-01
1.738625578582286835e-02
2.687222361564636230e-01
5.475004203617572784e-03
-7.725962996482849121e-02
1.813141554594039917e-01
7.224393077194690704e-03
1.067993491888046265e-01
3.072080947458744049e-02
5.988026037812232971e-02
-9.142223745584487915e-02
2.118354197591543198e-03
-1.646071225404739380e-01
-6.215939298272132874e-02
1.131930854171514511e-02
3.407531976699829102e-02
1.834557019174098969e-02
1.711718142032623291e-01
-1.611613035202026367e-01
1.116922348737716675e-01
1.782106235623359680e-02
-9.053607471287250519e-03
-8.756886422634124756e-02
2.154084481298923492e-02
-1.134227663278579712e-01
-3.520500659942626953e-02
8.576285839080810547e-02
-2.705817520618438721e-01
2.146000266075134277e-01
1.073591932654380798e-01
1.079862341284751892e-01
7.190600782632827759e-02
1.325173377990722656e-01
8.130483329296112061e-03
-2.912788465619087219e-02
-2.819851785898208618e-02
-1.951997429132461548e-01
-3.801390156149864197e-02
9.864640235900878906e-02
-1.761887036263942719e-02
2.014533281326293945e-01
-1.461999118328094482e-02
